ADDI 42.04036 -77.23726 1
ANDE 42.18227 -74.80139 2
BATA 43.01994 -78.13566 9
BEAC 41.52875 -73.94527 5
BELD 42.22322 -75.66852 2
BELL 43.78962 -76.11373 9
BELM 42.24249 -78.03958 1
BERK 42.32030 -76.20319 2
BING 42.05843 -75.95104 2
BKLN 40.63176 -73.95367 4
BRAN 42.59494 -79.02154 9
BREW 41.44042 -73.57679 5
BROC 43.20835 -77.96592 9
BRON 40.87248 -73.89352 4
BROO 42.79591 -75.29929 2
BSPA 43.02280 -73.87498 5
BUFF 43.00017 -78.76717 9
BURD 42.41042 -76.77176 10
BURT 43.31699 -78.74903 9
CAMD 43.33985 -75.74299 6
CAPE 44.10452 -76.32686 9
CHAZ 44.89565 -73.46461 7
CHES 43.65390 -73.77736 7
CINC 42.52242 -75.97562 2
CLAR 41.97920 -74.51710 2
CLIF 43.01479 -77.18518 10
CLYM 42.02447 -79.62408 9
COBL 42.67627 -74.50797 2
COHO 42.51178 -77.43762 1
COLD 43.26127 -74.97878 3
COPA 42.13659 -73.51988 5
COPE 43.92056 -75.60786 3
CROG 43.97496 -75.20100 3
CSQR 43.32613 -76.10445 9
DELE 42.41846 -78.42320 1
DEPO 42.06855 -75.39220 2
DOVE 41.77367 -73.57542 5
DUAN 42.80319 -74.17361 2
EAUR 42.71349 -78.63173 9
EDIN 43.22819 -74.11293 5
EDWA 44.32150 -75.24379 8
ELDR 41.53961 -74.87992 2
ELLE 44.89550 -73.84502 3
ELMI 42.11332 -76.83664 1
ESSX 44.31360 -73.37189 7
FAYE 43.05423 -75.99004 10
FRED 42.41817 -79.36660 9
GABR 44.41742 -74.17867 3
GFAL 43.34087 -73.60202 5
GFLD 43.71680 -75.40925 3
GROT 42.54855 -76.37534 10
GROV 42.48951 -77.94946 1
HAMM 44.51302 -75.61729 8
HARP 42.47280 -74.69849 2
HARR 43.80352 -75.68853 3
HART 42.21122 -77.68974 1
HERK 43.03662 -75.00957 6
HFAL 41.79880 -74.12312 5
ILAK 43.79067 -74.23933 3
JOHN 42.98428 -74.30177 6
JORD 43.06980 -76.47006 10
KIND 42.41001 -73.71557 5
LAUR 42.52526 -75.13690 2
LOUI 44.87169 -75.05608 8
MALO 44.85287 -74.32887 8
MANH 40.76754 -73.96449 4
MEDI 43.22668 -78.30927 9
MEDU 42.46890 -74.16560 2
MORR 42.88392 -75.64245 2
NBRA 41.82792 -74.99689 2
NEWC 43.97329 -74.22273 3
NHUD 44.01310 -73.70516 7
OLDF 43.74157 -74.97786 3
OLEA 42.09141 -78.40743 1
ONTA 43.25941 -77.37331 9
OPPE 43.06260 -74.66544 6
OSCE 43.49915 -75.71175 3
OSWE 43.44318 -76.55323 9
OTIS 41.48249 -74.50368 5
OWEG 42.02571 -76.25543 2
PENN 42.65578 -76.98746 10
PHIL 44.19354 -75.71591 3
PISE 43.46474 -74.50432 3
POTS 44.65687 -74.97443 8
QUEE 40.73434 -73.81586 4
RAND 42.14928 -78.90096 1
RAQU 43.82275 -74.62509 3
REDF 43.62218 -75.87769 3
REDH 42.00168 -73.88391 5
ROXB 42.32964 -74.46746 2
RUSH 43.00099 -77.63739 9
SARA 44.70758 -73.67115 7
SBRI 42.75217 -77.35931 10
SCHA 42.89697 -73.61405 5
SCHO 42.50631 -73.68584 5
SCHU 43.11700 -73.57829 5
SCIP 42.75621 -76.53403 10
SHER 42.64025 -75.48344 2
SOME 41.31037 -73.76711 5
SOUT 41.04008 -72.46587 4
SPRA 42.86976 -74.50998 6
SPRI 42.84315 -74.88961 2
STAT 40.60402 -74.14850 4
STEP 42.52620 -73.35906 5
STON 40.91912 -73.13168 4
SUFF 41.13038 -74.08987 5
TANN 42.17071 -74.11343 2
TICO 43.87469 -73.41879 7
TULL 42.79463 -76.11555 10
TUPP 44.22128 -74.43826 3
TYRO 42.40611 -77.05390 10
VOOR 42.65242 -73.97562 5
WALL 41.63409 -74.15370 5
WALT 42.23950 -75.17879 2
WANT 40.65510 -73.50616 4
WARS 42.77993 -78.20889 10
WARW 41.24036 -74.39056 5
WATE 42.87966 -76.81255 10
WBOU 41.74505 -74.58833 2
WELL 44.30782 -76.00858 8
WEST 43.10647 -75.46146 6
WFMB 44.39323 -73.85883 3
WGAT 43.53241 -75.15860 3
WHIT 43.48507 -73.42307 7
WOLC 43.22868 -76.84261 9
YORK 42.85504 -77.84776 10
