ADDI 42.04036 -77.23726 1
ANDE 42.18227 -74.80139 2
BSPA 43.02280 -73.87498 5
BATA 43.01994 -78.13566 9
BELD 42.22322 -75.66852 2
BELL 43.78962 -76.11373 9
BELM 42.24249 -78.03958 1
BERK 42.32030 -76.20319 2
BING 42.05843 -75.95104 2
BRAN 42.59494 -79.02154 9
BROC 43.20835 -77.96592 9
BROO 42.79591 -75.29929 2
BUFF 43.00017 -78.76717 9
BURD 42.41042 -76.77176 10
CAPE 44.10452 -76.32686 9
CSQR 43.32613 -76.10445 9
CHES 43.65390 -73.77736 7
CINC 42.52242 -75.97562 2
CLIF 43.01479 -77.18518 10
CLYM 42.02447 -79.62408 9
COBL 42.67627 -74.50797 2
COHO 42.51178 -77.43762 1
COLD 43.26127 -74.97878 3
COPA 42.13659 -73.51988 5
COPE 43.92056 -75.60786 3
DELE 42.41846 -78.42320 1
DOVE 41.77367 -73.57542 5
EAUR 42.71349 -78.63173 9
EDIN 43.22819 -74.11293 5
EDWA 44.32150 -75.24379 8
ELMI 42.11332 -76.83664 1
ESSX 44.31360 -73.37189 7
FAYE 43.05423 -75.99004 10
FRED 42.41817 -79.36660 9
GABR 44.41742 -74.17867 3
GFLD 43.71680 -75.40925 3
GROT 42.54855 -76.37534 10
GROV 42.48951 -77.94946 1
HAMM 44.51302 -75.61729 8
HART 42.21122 -77.68974 1
HERK 43.03662 -75.00957 6
JORD 43.06980 -76.47006 10
KIND 42.41001 -73.71557 5
LAUR 42.52526 -75.13690 2
LOUI 44.87169 -75.05608 8
MALO 44.85287 -74.32887 8
MEDI 43.22668 -78.30927 9
MEDU 42.46890 -74.16560 2
MORR 42.88392 -75.64245 2
OLEA 42.09141 -78.40743 1
ONTA 43.25941 -77.37331 9
OSWE 43.44318 -76.55323 9
OTIS 41.48249 -74.50368 5
OWEG 42.02571 -76.25543 2
PENN 42.65578 -76.98746 10
PHIL 44.19354 -75.71591 3
POTS 44.65687 -74.97443 8
RAND 42.14928 -78.90096 1
REDH 42.00168 -73.88391 5
ROXB 42.32964 -74.46746 2
RUSH 43.00099 -77.63739 9
SBRI 42.75217 -77.35931 10
SOUT 41.04008 -72.46587 4
SPRA 42.86976 -74.50998 6
SPRI 42.84315 -74.88961 2
STEP 42.52620 -73.35906 5
TICO 43.87469 -73.41879 7
TULL 42.79463 -76.11555 10
TYRO 42.40611 -77.05390 10
WALL 41.63409 -74.15370 5
WALT 42.23950 -75.17879 2
WARS 42.77993 -78.20889 10
WARW 41.24036 -74.39056 5
WATE 42.87966 -76.81255 10
WELL 44.30782 -76.00858 8
WEST 43.10647 -75.46146 6
WHIT 43.48507 -73.42307 7
WOLC 43.22868 -76.84261 9
WBOU 41.74505 -74.58833 2
YORK 42.85504 -77.84776 10
